%YAML:1.0
---
depthShift: -5.3171839587863881e+00
