%YAML:1.0
---
rotation: !!opencv-matrix
   rows: 3
   cols: 3
   dt: d
   data: [ 9.9996584893177953e-01, 1.0984621760826083e-03,
       8.1911141484673974e-03, -1.1986277847905380e-03,
       9.9992444703415240e-01, 1.2233704053888399e-02,
       -8.1770570243233018e-03, -1.2243104356833408e-02,
       9.9989161519343117e-01 ]
translation: !!opencv-matrix
   rows: 3
   cols: 1
   dt: d
   data: [ -5.2242852776624243e-02, 1.0753697324541631e-03,
       -1.1501707960706551e-02 ]
essential: !!opencv-matrix
   rows: 3
   cols: 3
   dt: d
   data: [ -2.2579626358758373e-05, 1.1487673108701189e-02,
       1.2159616700192573e-03, -1.1928507951361116e-02,
       -6.5224888959807903e-04, 5.2142978642322965e-02,
       -1.0127132725342846e-03, -5.2240086927129038e-02,
       -6.4793207603042169e-04 ]
fundamental: !!opencv-matrix
   rows: 3
   cols: 3
   dt: d
   data: [ -1.4518001801270469e-08, 7.3873181176527286e-06,
       -1.2586047088768450e-03, -7.6857459831637844e-06,
       -4.2031790264981515e-07, 1.4824141909940962e-02,
       3.4208652882062249e-03, -4.3443719616942794e-02, 1. ]
