%YAML:1.0
---
cameraMatrix: !!opencv-matrix
   rows: 3
   cols: 3
   dt: d
   data: [ 1.0858249381380738e+03, 0., 9.7352647043202978e+02, 0.,
       1.0835526145036868e+03, 5.3524528458534223e+02, 0., 0., 1. ]
distortionCoefficients: !!opencv-matrix
   rows: 1
   cols: 5
   dt: d
   data: [ 1.0893113765560569e-01, -1.6619084576196408e-01,
       -4.3399985585012438e-03, 5.2527949958586975e-03,
       1.1855370543379994e-01 ]
rotation: !!opencv-matrix
   rows: 3
   cols: 3
   dt: d
   data: [ 1., 0., 0., 0., 1., 0., 0., 0., 1. ]
projection: !!opencv-matrix
   rows: 4
   cols: 4
   dt: d
   data: [ 1.0858249381380738e+03, 0., 9.7352647043202978e+02, 0., 0.,
       1.0835526145036868e+03, 5.3524528458534223e+02, 0., 0., 0., 1.,
       0., 0., 0., 0., 1. ]
