%YAML:1.0
---
cameraMatrix: !!opencv-matrix
   rows: 3
   cols: 3
   dt: d
   data: [ 3.7904483251166027e+02, 0., 2.6032928884261935e+02, 0.,
       3.7898842214998723e+02, 2.1100095628249539e+02, 0., 0., 1. ]
distortionCoefficients: !!opencv-matrix
   rows: 1
   cols: 5
   dt: d
   data: [ 1.2178054875390794e-01, -2.7044417192104520e-01,
       -6.4401650083429338e-04, 6.4776713405235763e-03,
       6.4950749353059847e-02 ]
rotation: !!opencv-matrix
   rows: 3
   cols: 3
   dt: d
   data: [ 1., 0., 0., 0., 1., 0., 0., 0., 1. ]
projection: !!opencv-matrix
   rows: 4
   cols: 4
   dt: d
   data: [ 3.7904483251166027e+02, 0., 2.6032928884261935e+02, 0., 0.,
       3.7898842214998723e+02, 2.1100095628249539e+02, 0., 0., 0., 1.,
       0., 0., 0., 0., 1. ]
